{
 "cells": [
  {
   "cell_type": "markdown",
   "metadata": {},
   "source": [
    "# A simple example with input noise where water-filling is not optimal"
   ]
  },
  {
   "cell_type": "code",
   "execution_count": 106,
   "metadata": {
    "collapsed": false
   },
   "outputs": [
    {
     "name": "stdout",
     "output_type": "stream",
     "text": [
      "The autoreload extension is already loaded. To reload it, use:\n",
      "  %reload_ext autoreload\n"
     ]
    }
   ],
   "source": [
    "import numpy as np\n",
    "from scipy.optimize import minimize\n",
    "\n",
    "# This is a bit of magic to make matplotlib figures appear inline in the\n",
    "# notebook rather than in a new window.\n",
    "%matplotlib inline\n",
    "import matplotlib.pyplot as plt\n",
    "\n",
    "from pylab import rcParams\n",
    "rcParams['figure.figsize'] = (10.0, 8.0) # set default size of plots\n",
    "rcParams['image.interpolation'] = 'nearest'\n",
    "rcParams['image.cmap'] = 'gray'\n",
    "\n",
    "# Some more magic so that the notebook will reload external python modules;\n",
    "# see http://stackoverflow.com/questions/1907993/autoreload-of-modules-in-ipython\n",
    "%load_ext autoreload\n",
    "%autoreload 2"
   ]
  },
  {
   "cell_type": "markdown",
   "metadata": {},
   "source": [
    "## Maximize information subject to output variance constraint"
   ]
  },
  {
   "cell_type": "code",
   "execution_count": 3,
   "metadata": {
    "collapsed": true
   },
   "outputs": [],
   "source": [
    "def info_single_channel(filter_amplitude, signal_std, input_noise_std, output_noise_std):\n",
    "    return 0.5*np.log2(1 + ((filter_amplitude*signal_std)**2 / ((filter_amplitude*input_noise_std)**2 + output_noise_std**2)))"
   ]
  },
  {
   "cell_type": "code",
   "execution_count": 4,
   "metadata": {
    "collapsed": true
   },
   "outputs": [],
   "source": [
    "def output_var_single_channel(filter_amplitude, signal_std, input_noise_std, output_noise_std):\n",
    "    return (filter_amplitude*signal_std)**2 + (filter_amplitude*input_noise_std)**2 + output_noise_std**2"
   ]
  },
  {
   "cell_type": "markdown",
   "metadata": {},
   "source": [
    "### Total functions"
   ]
  },
  {
   "cell_type": "code",
   "execution_count": 10,
   "metadata": {
    "collapsed": true
   },
   "outputs": [],
   "source": [
    "def info_all_channels(filter_amplitudes, signal_stds, input_noise_stds, output_noise_stds):\n",
    "    infos = [info_single_channel(filter_amplitudes[i], signal_stds[i], input_noise_stds[i], \n",
    "                                output_noise_stds[i]) for i in range(len(filter_amplitudes))]\n",
    "    return np.sum(np.array(infos))"
   ]
  },
  {
   "cell_type": "code",
   "execution_count": 11,
   "metadata": {
    "collapsed": true
   },
   "outputs": [],
   "source": [
    "def output_var_all_channels(filter_amplitudes, signal_stds, input_noise_stds, output_noise_stds):\n",
    "    variances = [output_var_single_channel(filter_amplitudes[i], signal_stds[i], input_noise_stds[i], \n",
    "                                output_noise_stds[i]) for i in range(len(filter_amplitudes))]\n",
    "    return np.sum(np.array(variances))"
   ]
  },
  {
   "cell_type": "markdown",
   "metadata": {},
   "source": [
    "## Toy problem"
   ]
  },
  {
   "cell_type": "code",
   "execution_count": 121,
   "metadata": {
    "collapsed": true
   },
   "outputs": [],
   "source": [
    "signal_stds = np.exp(-np.linspace(0,10,10))\n",
    "input_noise_stds = [0.1]*len(signal_stds)\n",
    "output_noise_stds = [0.4]*len(signal_stds)\n",
    "target_var = 100.0"
   ]
  },
  {
   "cell_type": "code",
   "execution_count": 122,
   "metadata": {
    "collapsed": false
   },
   "outputs": [
    {
     "data": {
      "text/plain": [
       "[<matplotlib.lines.Line2D at 0x10bf83a58>]"
      ]
     },
     "execution_count": 122,
     "metadata": {},
     "output_type": "execute_result"
    },
    {
     "data": {
      "image/png": "iVBORw0KGgoAAAANSUhEUgAAAlMAAAHfCAYAAAB0213WAAAABHNCSVQICAgIfAhkiAAAAAlwSFlz\nAAALEgAACxIB0t1+/AAAIABJREFUeJzt3XuU3WV97/H3d3IlJCQhhAAh4ZIQCAn3IFhrHas9gFU5\nYK2CFS+rTSiK2uoRBXqId2RRKwJWUaRyFopV7FKr1gt1iqgoIQmQkEAIQkIIkIQEAiGQy3P++O3A\nMExm9sy+PPvyfq21154985u9P3sNJJ/8nu88v0gpIUmSpMHpyB1AkiSpmVmmJEmSKmCZkiRJqoBl\nSpIkqQKWKUmSpApYpiRJkirQb5mKiGsj4rGIuKuPY74UESsiYnFEHFvdiJIkSY2rnDNT1wGn7O6L\nEXEaMC2ldBgwD/hKlbJJkiQ1vH7LVErpVmBjH4ecDlxfOvb3wNiImFSdeJIkSY2tGjNTk4HV3R6v\nKX1OkiSp5Q2t54tFhNeukSRJTSOlFP0dU40zU2uAKd0eH1j6XK927Eik1F63Sy65JHsG37fv2/ft\n+/Z9+7593wO7lavcMhWlW29+CJwDEBEnA5tSSo/t7onuv7/sbJIkSQ2v32W+iPgW0AlMiIhVwCXA\ncCCllK5JKf0kIt4QEfcDzwDv6ev5br8dZsyoPLgkSVIj6LdMpZTOLuOY95f7grffDu94R7lHt4bO\nzs7cEbLwfbcX33d78X23l3Z93+WKgawJVvxiEelP/iTxm9/U7SUlSZIGJSJIZQyg171M7blnYtMm\nGFrX3yOUJEkamHLLVN2vzXfggbB0ab1fVZIkqTbqXqZOPLGYm5IkSWoFlilJkqQKWKYkSZIqUPcB\n9C1bEhMmwBNPwMiRdXtpSZKkAWnYAfQ99oDDD4fFi+v9ypIkSdVX9zIFLvVJkqTWYZmSJEmqgGVK\nkiSpAnUfQE8psW0bjBsHa9fCXnvV7eUlSZLK1rAD6ADDhsExx8Add+R4dUmSpOrJUqbApT5JktQa\nLFOSJEkVsExJkiRVIFuZOuww2LQJ1q3LlUCSJKly2cpURweccIJnpyRJUnPLVqbApT5JktT8LFOS\nJEkVaIgyVcd9QyVJkqoqa5maMqW4X706ZwpJkqTBy1qmIlzqkyRJzS1rmQLLlCRJam6WKUmSpApE\nquP0d0Sknq+3bl2xgecTTxR7T0mSJDWCiCClFP0dl72+TJwI48bBihW5k0iSJA1c9jIFLvVJkqTm\nZZmSJEmqgGVKkiSpAtkH0AGeegr23x82bYJhw+oWR5IkabeaZgAdYK+9YOpUWLo0dxJJkqSBaYgy\nBS71SZKk5mSZkiRJqoBlSpIkqQINMYAOsHUr7L03bNgAe+xRt0iSJEm9aqoBdICRI+GII2Dx4txJ\nJEmSytcwZQpc6pMkSc3HMiVJklQBy5QkSVIFGmYAHWD7dhg3DtasgbFj6xZLkiTpZZpuAB1g6FA4\n5hi4447cSSRJksrTUGUKXOqTJEnNxTIlSZJUAcuUJElSBRquTE2fDk8+CY8/njuJJElS/xquTHV0\nwJw5np2SJEnNoeHKFLjUJ0mSmodlSpIkqQINXabquJ+oJEnSoDRkmTrwwGJ2atWq3EkkSZL61pBl\nKsKlPkmS1BwaskyBZUqSJDUHy5QkSVIFItVxyjsiUrmvt349TJsGGzcW81OSJEn1FBGklKK/4xq2\npuyzD+y9N9x3X+4kkiRJu9ewZQpc6pMkSY3PMiVJklQBy5QkSVIFGnYAHWDzZthvP9i0CYYNq2Ew\nSZKkHpp+AB1gzBg46CBYsiR3EkmSpN41dJkCl/okSVJjs0xJkiRVwDIlSZJUgYYeQAfYurXYvHP9\nehg1qkbBJEmSemiJAXSAkSNh5kxYvDh3EkmSpJdr+DIFLvVJkqTGZZmSJEmqgGVKkiSpAg0/gA6w\nfTuMGwcPP1zcS5Ik1VrLDKADDB0Kxx4Ld9yRO4kkSdJLNUWZApf6JElSY7JMSZIkVcAyJUmSVIGm\nKVPTp8PmzfDYY7mTSJIkvahpylQEzJnj2SlJktRYmqZMgUt9kiSp8VimJEmSKtCUZaqO+4xKkiT1\nqanK1OTJxQaeDz2UO4kkSVKhrDIVEadGxPKIuC8iLujl6xMi4qcRsTgi7o6Id1c9KcUQukt9kiSp\nkfRbpiKiA7gKOAWYBZwVEUf0OOz9wOKU0rHAa4F/joih1Q4LlilJktRYyjkz9QpgRUrpoZTSNuBG\n4PQexzwKjCl9PAbYkFLaXr2YL7JMSZKkRlLO2aPJwOpujx+mKFjdfQ24OSIeAUYDb6tOvJebM6e4\n4PHOndDRVBNfkiSpFVWrjnwcuDOldABwHHB1RIyu0nO/xD77FLd7763Fs0uSJA1MOWem1gBTuz0+\nsPS57l4FfAYgpbQyIv4IHAEs6Plk8+fPf+Hjzs5OOjs7BxQYXlzqmzlzwN8qSZLUq66uLrq6ugb8\nfZH62bQpIoYA9wKvA9YCfwDOSikt63bMPwNPpZQ+ERGTKErUMSmlJ3o8V+rv9cpx+eXF9ghXXlnx\nU0mSJPUqIkgpRX/H9bvMl1LaQfHbej8HlgI3ppSWRcS8iJhbOuxzwJyIuBP4BfDRnkWqmhxClyRJ\njaLfM1NVfbEqnZnavBn22w82boThw6sQTJIkqYeqnZlqRGPGwMEHw5IluZNIkqR215RlClzqkyRJ\njcEyJUmSVAHLlCRJUgWacgAd4LnnYPx4WL8eRo2qylNKkiS9oKUH0AFGjIAjj4RFi3InkSRJ7axp\nyxS41CdJkvKzTEmSJFXAMiVJklSBph1AB9i+HcaNg4cfLu4lSZKqpeUH0AGGDoXjjoMFC3InkSRJ\n7aqpyxS41CdJkvKyTEmSJFXAMiVJklSBpi9T06bBM8/Ao4/mTiJJktpR05epCJgzx7NTkiQpj6Yv\nU+BSnyRJyscyJUmSVIGm3rRzlzVr4JhjYN26YtlPkiSpUm2xaecukyfD8OHw4IO5k0iSpHbTEmUK\nXOqTJEl5WKYkSZIqYJmSJEmqQEsMoANs2ACHHAIbN8KQITV5CUmS1EbaagAdYMIEmDgR7r03dxJJ\nktROWqZMgUt9kiSp/ixTkiRJFbBMSZIkVaBlBtABnn4a9t0XNm0qNvGUJEkarLYbQAcYPRoOPRTu\nvjt3EkmS1C5aqkyBS32SJKm+LFOSJEkVsExJkiRVoKUG0AGeew7Gj4d162DPPWv6UpIkqYW15QA6\nwIgRMGsWLFqUO4kkSWoHLVemwKU+SZJUP5YpSZKkClimJEmSKtByA+gAO3bAuHGwalUxjC5JkjRQ\nbTuADjBkCBx3HCxYkDuJJElqdS1ZpsClPkmSVB+WKUmSpApYpiRJkirQsmXq0EPh2Wdh7drcSSRJ\nUitr2TIVAXPmeHZKkiTVVsuWKXCpT5Ik1Z5lSpIkqQItuWnnLo88AkcdBevXF8t+kiRJ5WrrTTt3\nOeAA2GMP+OMfcyeRJEmtqqXLFLjUJ0mSassyJUmSVAHLlCRJUgVaegAdYONGOOig4n7IkLq+tCRJ\namIOoJeMHw+TJsHy5bmTSJKkVtTyZQpc6pMkSbVjmZIkSaqAZUqSJKkCLT+ADvDMM7DvvsUQ+vDh\ndX95SZLUhBxA72bPPWHaNLjrrtxJJElSq2mLMgUu9UmSpNqwTEmSJFXAMiVJklSBthhAB3j++WID\nz8cfL2aoJEmS+uIAeg/Dh8Ps2bBwYe4kkiSplbRNmQKX+iRJUvVZpiRJkipgmZIkSapA2wygA+zY\nUQyhP/gg7L13thiSJKkJOIDeiyFD4PjjYcGC3EkkSVKraKsyBS71SZKk6rJMSZIkVcAyJUmSVIG2\nK1MHHwzPPQePPJI7iSRJagVtV6YiPDslSZKqp+3KFFimJElS9VimJEmSKtBWm3bu8uijMGsWrF9f\nLPtJkiT15KadfdhvPxg1Ch54IHcSSZLU7NqyTIFLfZIkqTosU5IkSRWwTEmSJFWgrDIVEadGxPKI\nuC8iLtjNMZ0RsSgilkTEr6obs/rmzIFFi2DHjtxJJElSM+u3TEVEB3AVcAowCzgrIo7occxY4Grg\njSml2cBba5C1qsaNg/33h2XLcieRJEnNrJwzU68AVqSUHkopbQNuBE7vcczZwE0ppTUAKaX11Y1Z\nGy71SZKkSpVTpiYDq7s9frj0ue5mAHtHxK8i4vaIeGe1AtaSZUqSJFVqaBWf53jgz4E9gd9FxO9S\nSvf3PHD+/PkvfNzZ2UlnZ2eVIgzciSfCDTdke3lJktRAurq66OrqGvD39bsDekScDMxPKZ1aevwx\nIKWUPt/tmAuAkSmlT5Qefx34aUrpph7P1RA7oO+yZQtMnAhPPAEjRuROI0mSGkk1d0C/HZgeEQdF\nxHDg7cAPexzzA+BPI2JIRIwCTgIafrR71CiYPh3uuit3EkmS1Kz6LVMppR3A+4GfA0uBG1NKyyJi\nXkTMLR2zHPgZcBdwG3BNSume2sWuHuemJElSJdryQsfdffWrcNttcN11uZNIkqRG4oWOy+SZKUmS\nVIm2PzO1bVuxgedjj8Ho0bnTSJKkRuGZqTINGwZHHQULF+ZOIkmSmlHblylwqU+SJA2eZQrLlCRJ\nGjzLFJYpSZI0eJYp4PDDYf162LAhdxJJktRsLFNARwccfzwsWJA7iSRJajaWqRKX+iRJ0mBYpkos\nU5IkaTAsUyWWKUmSNBiWqZKDDip2Q1+zJncSSZLUTCxTJRGenZIkSQNnmerGMiVJkgbKMtWNZUqS\nJA1UpJTq92IRqZ6vN1CPPQYzZxabd0a/14iWJEmtLCJIKfXbCDwz1c2kSTB6NKxcmTuJJElqFpap\nHlzqkyRJA2GZ6sEyJUmSBsIy1YNlSpIkDYQD6D1s2gRTpsDGjTB0aO40kiQpFwfQB2ncODjgAFi2\nLHcSSZLUDCxTvXCpT5Iklcsy1QvLlCRJKpdlqheWKUmSVC4H0HuxZQvss08xhD5iRO40kiQpBwfQ\nKzBqFMyYAXfemTuJJElqdJap3XCpT5IklcMytRuWKUmSVA7L1G5YpiRJUjkcQN+NbduKDTwffRTG\njMmdRpIk1ZsD6BUaNgyOPhoWLsydRJIkNTLLVB9c6pMkSf2xTPXBMiVJkvpjmeqDZUqSJPXHMtWH\nGTNgwwZYvz53EkmS1KgsU33o6IATToAFC3InkSRJjcoy1Q+X+iRJUl8sU/2wTEmSpL5Ypvqxq0w1\nyV6jkiSpzixT/Zg6FXbsgDVrcieRJEmNyDLVjwiX+iRJ0u5ZpspgmZIkSbtjmSqDZUqSJO1OpDpO\nVkdEqufrVcvjj8Phh8MTTxTLfpIkqfVFBCmlfv/m98xUGfbdF/baC+6/P3cSSZLUaCxTZXKpT5Ik\n9cYyVSbLlCRJ6o1lqkyWKUmS1BsH0Mv05JMweTJs2gRDh+ZOI0mSas0B9CobOxYOPBDuuSd3EkmS\n1EgsUwPgUp8kSerJMjUAlilJktSTZWoALFOSJKknB9AH4NlnYcKEYif0kSNzp5EkSbXkAHoN7LFH\ncVmZO+/MnUSSJDUKy9QAudQnSZK6s0wNkGVKkiR1Z5kaIMuUJEnqzgH0Adq2DcaPh7VrYcyY3Gkk\nSVKtOIBeI8OGwdFHwx135E4iSZIagWVqEFzqkyRJu1imBsEyJUmSdrFMDYJlSpIk7WKZGoTDDoON\nG2HdutxJJElSbpapQejogBNOgAULcieRJEm5WaYGyaU+SZIElqlBs0xJkiSwTA3arjLV5HuQSpKk\nClmmBmnKlKJIPfxw7iSSJCkny9QgRbjUJ0mSLFMVsUxJkiTLVAUsU5IkKVIdJ6gjItXz9Wpt3bpi\nA88nnij2npIkSa0jIkgpRX/HWQEqMHEijBsH99+fO4kkScrFMlUhl/okSWpvlqkKWaYkSWpvlqkK\nWaYkSWpvDqBX6Kmn4IADYNMmGDo0dxpJklQtDqDXyV57FbuhL12aO4kkScqhrDIVEadGxPKIuC8i\nLujjuBMjYltEnFm9iI3PpT5JktpXv2UqIjqAq4BTgFnAWRFxxG6OuxT4WbVDNjrLlCRJ7aucM1Ov\nAFaklB5KKW0DbgRO7+W484HvAY9XMV9TsExJktS+yilTk4HV3R4/XPrcCyLiAOB/p5T+Feh3UKvV\nHHssLF8OW7fmTiJJkuqtWr9/9kWg+yzVbgvV/PnzX/i4s7OTzs7OKkXIZ+RIOOIIWLwYTj45dxpJ\nkjQYXV1ddHV1Dfj7+t0aISJOBuanlE4tPf4YkFJKn+92zAO7PgT2AZ4B5qaUftjjuVpua4Rd5s2D\n2bPh/PNzJ5EkSdVQ7tYI5ZyZuh2YHhEHAWuBtwNndT8gpXRotxe+DvhRzyLV6k48EW65JXcKSZJU\nb/3OTKWUdgDvB34OLAVuTCkti4h5ETG3t2+pcsam4BC6JEntyR3Qq2T7dhg3Dh55pNjIU5IkNTd3\nQK+zoUPhmGPgjjtyJ5EkSfVkmaoil/okSWo/lqkqskxJktR+LFNVZJmSJKn9WKaqaPp02LQJ1q3L\nnUSSJNWLZaqKOjpgzhzPTkmS1E4sU1XmUp8kSe3FMlVllilJktqLZarKdpWpFt2bVJIk9WCZqrID\nD4QIWL06dxJJklQPlqkqi3CpT5KkdmKZqgHLlCRJ7cMyVQOWKUmS2kekOk5KR0Sq5+vlsn59sYHn\nE08Ue09JkqTmExGklKK/4/yrvgb22QfGj4cVK3InkSRJtWaZqhGX+iRJag+WqRqxTEmS1B4sUzVi\nmZIkqT04gF4jmzfD/vvDxo0wbFjuNJIkaaAcQM9szBiYOhWWLs2dRJIk1ZJlqoZc6pMkqfVZpmrI\nMiVJUuuzTNWQZUqSpNbnAHoNbd0Ke+8NGzbAHnvkTiNJkgbCAfQGMHIkzJwJixblTiJJkmrFMlVj\nLvVJktTaLFM1duKJ8Jvf5E4hSZJqxTJVY2ecAb/+NfzhD7mTSJKkWrBM1djee8Pll8PcubBtW+40\nkiSp2ixTdXD22TBpEnzxi7mTSJKkanNrhDpZuRJOOqkYRj/kkNxpJElSf9waocFMmwYf+Qicdx60\naZ+UJKklWabq6MMfhjVr4DvfyZ1EkiRVi8t8dXbbbXDmmbB0KYwfnzuNJEnanXKX+SxTGbzvfcVv\n9l1zTe4kkiRpdyxTDezJJ2HWLPj2t+HVr86dRpIk9cYB9AY2dixccQXMmwfPPZc7jSRJqoRlKpMz\nz4Tp0+Gyy3InkSRJlXCZL6NVq+D44+G3v4UZM3KnkSRJ3bnM1wSmToWLL4Zzz3XvKUmSmpVlKrPz\nz4ennoJvfjN3EkmSNBgu8zWAhQvhtNNgyRKYODF3GkmSBG6N0HQ+/GFYtw6uvz53EkmSBJappvP0\n0zB7Nnz96/D61+dOI0mSHEBvMqNHw9VXF8Pozz6bO40kSSqXZaqB/OVfFlslfPrTuZNIkqRyuczX\nYNauhaOPhl/9qlj2kyRJebjM16T23x8+9SmYOxd27sydRpIk9ccy1YDmzoUI+OpXcyeRJEn9cZmv\nQS1ZAq99Ldx5JxxwQO40kiS1H7dGaAEXXQT33Qff/W7uJJIktR9nplrAxRfD4sXwn/+ZO4kkSdod\nz0w1uJtvhve+F5YuLfaikiRJ9eEyXwt517tgwgT4whdyJ5EkqX1YplrI+vUwaxb85Cdwwgm500iS\n1B6cmWoh++wDl11WbJmwfXvuNJIkqTvLVJM45xwYNw6uvDJ3EkmS1J3LfE1kxQp45Sth4UKYOjV3\nGkmSWpvLfC3osMPgQx+C970P7KSSJDUGy1ST+ehH4YEH4KabcieRJEngMl9TuvVWeNvb4J57YOzY\n3GkkSWpNbo3Q4ubNgyFD4Mtfzp1EkqTWZJlqcRs3FntP3XRTMZQuSZKqywH0Fjd+PPzLvxR7T23b\nljuNJEntyzLVxP76r2HKFLj88txJJElqXy7zNbkHH4Q5c+D3v4dp03KnkSSpdbjM1yYOPhg+9jE4\n91z3npIkKQfLVAv40IeKiyHfcEPuJJIktR+X+VrE7bfDm94ES5fChAm500iS1PzcGqENffCDsHkz\nfOMbuZNIktT8LFNtaPPmYu+p66+Hzs7caSRJam4OoLehMWPgyiuL3dG3bs2dRpKk9mCZajGnn16c\nnfrc53InkSSpPbjM14LWrIFjj4VbboGZM3OnkSSpObnM18YmT4ZLLimW+3buzJ1GkqTWZplqUX//\n9/D88/5mnyRJteYyXwu76y54/evh7rth0qTcaSRJai5ujSAALrgAVq+Gb30rdxJJkpqLZUoAbNkC\ns2fDl78Mp56aO40kSc3DAXQBMGoU/Ou/wnnnFcVKkiRVV1llKiJOjYjlEXFfRFzQy9fPjog7S7db\nI+Ko6kfVYJ1yCpx8MnziE7mTSJLUevpd5ouIDuA+4HXAI8DtwNtTSsu7HXMysCyl9GREnArMTymd\n3MtzucyXyWOPwVFHwS9+AccckzuNJEmNr5rLfK8AVqSUHkopbQNuBE7vfkBK6baU0pOlh7cBkwca\nWLU1aRJ89rMwdy7s2JE7jSRJraOcMjUZWN3t8cP0XZb+FvhpJaFUG+99L4wYUcxQSZKk6hhazSeL\niNcC7wH+tJrPq+ro6ICvfhX+7M/gjDOKndIlSVJlyilTa4Cp3R4fWPrcS0TE0cA1wKkppY27e7L5\n8+e/8HFnZyednZ1lRlU1zJxZ/Gbf+efD97+fO40kSY2jq6uLrq6uAX9fOQPoQ4B7KQbQ1wJ/AM5K\nKS3rdsxU4GbgnSml2/p4LgfQG8DWrcUQ+mWXwemn93+8JEntqKqbdpZ+Q+8Kihmra1NKl0bEPCCl\nlK6JiK8BZwIPAQFsSym9opfnsUw1iK4uOOccWLoUxozJnUaSpMbjDujq13vfWxSpK67InUSSpMZj\nmVK/NmyAWbPgRz+CE0/MnUaSpMbi5WTUrwkT4PLLi72ntm/PnUaSpOZkmWpz73gHTJwIX/xi7iSS\nJDUnl/nEypVw0kmwYAEcfHDuNJIkNQaX+VS2adPgwx8u9p+y60qSNDCWKQHwkY/A6tXw7/+eO4kk\nSc3FZT694He/g7e8pdh7avz43GkkScrLrRE0KOedBzt2FNfwkySpnVmmNChPPlnsPXXjjfCnXq5a\nktTGHEDXoIwdW2yTMG8ePP987jSSJDU+y5Re5i1vgUMPLS6ELEmS+uYyn3q1ahUcfzz89rcwY0bu\nNJIk1Z/LfKrI1Klw0UVw7rnuPSVJUl8sU9qt888vBtKvvz53EkmSGpfLfOrTwoVw2mnF3lP77JM7\njSRJ9ePWCKqaf/xH2LABvvnN3EkkSaofy5Sq5umni72nvvENeN3rcqeRJKk+HEBX1YweDVdfXQyj\nP/ts7jSSJDUWy5TK8sY3wrHHwmc+kzuJJEmNxWU+le2RR+CYY6Crq1j2kySplbnMp6o74AD45Cdh\n7lzYuTN3GkmSGoNlSgMyb16xiefXvpY7iSRJjcFlPg3YkiXw538Od94J+++fO40kSbXh1giqqQsv\nhJUr4TvfyZ1EkqTasEyppp59Fo46Cr70JXjDG3KnkSSp+hxAV03tsQd85Stw3nnwzDO500iSlI9n\nplSRd74TJk2Cyy/PnUSSpOpymU91sW4dzJ4N//VfcNxxudNIklQ9LvOpLiZOhEsvLfae2rEjdxpJ\nkurPMqWKvfvdxfX7rroqdxJJkurPZT5Vxb33wqteBQsXwtSpudNIklQ5l/lUV4cfDh/4ALz//cUO\n6ZIktQvLlKrmggtgxQr4/vdzJ5EkqX5c5lNV/frXcNZZsHQpjB2bO40kSYPn1gjK5u/+DoYPh6uv\nzp1EkqTBs0wpm40b4cgji+W+V74ydxpJkgbHAXRlM348XHklvPnNcNllsGVL7kSSJNWOZUo18Vd/\nBbfcArffDtOnw5e/DM8/nzuVJEnVZ5lSzcycCd/9LvzoR8Xt8MPh+uvdKV2S1FqcmVLd3HILXHQR\nbNgAn/40nHEGRL8r0ZIk5eEAuhpSSsVFkS+6CDo64LOfhb/4C0uVJKnxWKbU0HbuhJtugn/6J9hv\nP/jMZ4rL0UiS1Cj8bT41tI4OeOtbYckSeNe74Oyz4Y1vhMWLcyeTJGlgLFPKauhQeM974L774JRT\n4LTT4O1vLx5LktQMLFNqCCNGwPnnw/33wzHHFEt+f/u3sGpV7mSSJPXNMqWGsuee8PGPFxdM3m8/\nOO44+NCH4LHHcieTJKl3lik1pHHjiu0T7rmn+A3AI4+Eiy+GTZtyJ5Mk6aUsU2pokybBFVfAwoWw\ndi0cdhhceik880zuZJIkFSxTagoHHQTXXgu33gqLFhWl6qqr4LnncieTJLU7y5SayuGHw3e+Az/+\nMfz0p8Xjf/s32L49dzJJUrty0041tVtvhQsvhHXr4FOfgjPPLPawkiSpUu6ArraREvz850WpgmJw\n/dRTvUSNJKkylim1nZTg+98vLlEzYUJx3b9Xvzp3KklSs7JMqW3t2AE33ACXXAJHHFFc9+/443On\nkiQ1G6/Np7Y1ZAiccw7cey+86U3FNf/e+lZYtix3MklSK7JMqWUNHw7nnVdcoubEE+E1rymuA/jg\ng7mTSZJaiWVKLW/UKPjoR4uLJ0+ZAiecUFwH8NFHcyeTJLUCy5Taxrhx8MlPFst9w4bBrFnFdQA3\nbsydTJLUzCxTajv77gtf+AIsXgwbNsCMGcVv/j39dO5kkqRmZJlS25oyBa65Bn77W1iyBKZPL64D\nuHVr7mSSpGZimVLbO+ww+Na34Gc/g5tvLs5UXXutl6iRJJXHfaakHn73u2I39UceKWas3vpWL1Ej\nSe3ITTulCqRUnKW68EJ4/vli4883vMFL1EhSO7FMSVWQEvzgB3DxxTB2bDGo/prX5E4lSaoHy5RU\nRTt2wLe/Df/3/xYzVp/5DMyZkzuVJKmWvJyMVEVDhsDf/A0sXw5nnAGnnw5veQvcc0/uZJKk3CxT\n0gAMHw7nngsrVsArXwmdnfCud8Ef/5g7mSQpF8uUNAijRsFHPlKUqkMOKZb83vc+WLs2dzJJUr05\nMyVVwfr1cOmlcN11cOaZcPzxMHt2ccmavffOnU6SNBgOoEsZPPww3HRTsaP6kiWwdCmMGVMUq+63\nI4+EPfd1PoYpAAAH10lEQVTMnVaS1BfLlNQAUoJVq14sV3ffXdzfey9MnvzykjVjRjGXJUnKzzIl\nNbDt2+H++18sWbtuDz0E06a9WK6OOqq4P+QQd2GXpHqzTElNaOvWYvuFXWewdt3Wry+WBnueyTrg\nAHdll6RasUxJLeTJJ4s9rbovF959d7GZaM+CNXu2Q++SVA2WKakNPP74y5cKlyyB0aNfWq6OOsqh\nd0kaKMuU1KZSgtWrX75UeO+9sP/+Lz+LdfjhDr1LUm8sU5JeYvt2WLnypQXr7rvhwQdfHHrfNfC+\na+h9yJDcqSUpH8uUpLLsGnrvuVS4bh3MnPnyM1mTJzv0Lqk9WKYkVeSpp4qh957Lhc8/3/vQ+4QJ\nuRNLUnVZpiTVxOOPFzu79zyT1dEBY8cWt7326vt+d19zdktSI7FMSaqblGDDhuJs1pNPDv5+2LD+\ni1h/xWzMGDc4lVQdVS1TEXEq8EWgA7g2pfT5Xo75EnAa8Azw7pTS4l6Oacsy1dXVRWdnZ+4Ydef7\nbi+Vvu+U4NlnB1fCun+8ZUuxBcRACllvxWzkyPJmw/x5txffd3spt0wNLeOJOoCrgNcBjwC3R8QP\nUkrLux1zGjAtpXRYRJwEfAU4edDpW0y7/kfo+24vlb7vCBg1qrjtv//gc+zYAZs391/AVq7s++s7\ndpRXwP7nf7pYvryTYcN44TZ0KH0+LveYjo7GHfb3v/P20q7vu1z9lingFcCKlNJDABFxI3A6sLzb\nMacD1wOklH4fEWMjYlJK6bFqB5akvgwZAuPGFbdKPPdcUaz6KmUbNxbLm4sWwbZtL962bx/Y490d\ns3PnwAtYvY5ZuRJ++csXC19Hx0s/7utzuY6XaqWcMjUZWN3t8cMUBauvY9aUPmeZktSURoyAiROL\nW1/mzy9utbBzZ21K2u6O2bKl/O+57z545JFieXbnzuK26+Oe9wP9Wi2Oh6JQVVrMNm+Ga6998fl6\n3vf2uXrd1/K5V62Cm2/mZXZXUgfy+VodW63nKEe/M1MR8RbglJTS3NLjvwFekVL6QLdjfgR8LqX0\n29LjXwIfTSkt7PFc7TcwJUmSmlZVZqYozjJN7fb4wNLneh4zpZ9jygokSZLUTMr5BeLbgekRcVBE\nDAfeDvywxzE/BM4BiIiTgU3OS0mSpHbQ75mplNKOiHg/8HNe3BphWUTMK76crkkp/SQi3hAR91Ns\njfCe2saWJElqDHXdtFOSJKnV1G2f4Ig4NSKWR8R9EXFBvV43p4i4NiIei4i7cmepp4g4MCL+OyKW\nRsTdEfGB/r+r+UXEiIj4fUQsKr33z+bOVC8R0RERCyOi5whAS4uIByPiztLP/A+589RLafub70bE\nstJ/6yflzlRrETGj9HNeWLp/so3+bPt46ed8V0TcUBr5aXkR8cHS32H9/j1WlzNTpY0/76Pbxp/A\n27tv/NmKIuJPgaeB61NKR+fOUy8RsR+wX0ppcUSMBu4ATm/1nzdARIxKKW2JiCHAb4APp5R+kztX\nrUXEPwAnAHullN6cO0+9RMQDwAkppY25s9RTRPwb8D8ppesiYigwKqX0VOZYdVP6O+1h4KSU0ur+\njm9mEXEQ8CvgiJTS8xHxHeDHKaXrM0erqYiYBXwbOBHYDvwUODel9EBvx9frzNQLG3+mlLYBuzb+\nbGkppVuBtvpDFiCl9OiuywmllJ4GllHsO9byUkpbSh+OoPj/q+V//hFxIPAG4Ou5s2QQ1PEMfyOI\niL2AV6eUrgNIKW1vpyJV8npgZasXqZKngOeBPXcVZ4qTIq1uJvD7lNJzKaUdwC3Ambs7uF5/CPS2\n8Wdb/OXa7iLiYOBY4Pd5k9RHablrEfAo0JVSuid3pjr4F+D/AO04gJmAX0TE7RHxd7nD1MkhwPqI\nuK605HVNROyRO1SdvY3irEXLK511/WdgFcWWR5tSSr/Mm6oulgCvjojxETGK4h+MU3Z3cFv9i0r1\nVVri+x7wwdIZqpaXUtqZUjqOYq+1P4uI1+TOVEsR8ZfAY6UzkVG6tZNXpZSOp/iD9n2lpf1WNxQ4\nHri69N63AB/LG6l+ImIY8Gbgu7mz1ENEHAr8A3AQcAAwOiLOzpuq9kpjKZ8HfgH8BFgE7Njd8fUq\nU+Vs/KkWUjod/D3g/6WUfpA7T72Vlj1+DMzJnaXGXgW8uTQ79G3gtRHR0rMU3aWU1pbu1wH/wcsv\ntdWKHgZWp5QWlB5/j6JctYvTgDtKP/N2MAf4TUrpidJy1/eBP8mcqS5SStellOaklDqBTRSz372q\nV5kqZ+PPVtWO/1oH+AZwT0rpitxB6iUi9omIsaWP9wD+AlicN1VtpZQuTClNTSkdSvH/9X+nlM7J\nnaseImJU6ewrEbEn8L8olgZaWmlD5tURMaP0qdcB7bCcvctZtMkSX8m9wMkRMTIiguLnvSxzprqI\niIml+6nAGcC3dndsOZeTqdjuNv6sx2vnFBHfAjqBCRGxCrhk19BmK4uIVwHvAO4uzQ8l4MKU0n/l\nTVZz+wPfLP2B00FxVq6XS4OqRUwC/qN0zdGhwA0ppZ9nzlQvHwBuKC15PUCbbNRcmp15PTA3d5Z6\nSSndWTrbfAfFMtci4Jq8qermpojYG9gGnNfXL1q4aackSVIFHECXJEmqgGVKkiSpApYpSZKkClim\nJEmSKmCZkiRJqoBlSpIkqQKWKUmSpAr8f5odwgso6TeOAAAAAElFTkSuQmCC\n",
      "text/plain": [
       "<matplotlib.figure.Figure at 0x10c3e3630>"
      ]
     },
     "metadata": {},
     "output_type": "display_data"
    }
   ],
   "source": [
    "plt.plot(signal_stds)"
   ]
  },
  {
   "cell_type": "code",
   "execution_count": 123,
   "metadata": {
    "collapsed": false
   },
   "outputs": [
    {
     "data": {
      "text/plain": [
       "3.5789145375819995"
      ]
     },
     "execution_count": 123,
     "metadata": {},
     "output_type": "execute_result"
    }
   ],
   "source": [
    "info_all_channels([10., 1.], signal_stds, input_noise_stds, output_noise_stds)"
   ]
  },
  {
   "cell_type": "code",
   "execution_count": 124,
   "metadata": {
    "collapsed": false
   },
   "outputs": [
    {
     "data": {
      "text/plain": [
       "101.4383680232219"
      ]
     },
     "execution_count": 124,
     "metadata": {},
     "output_type": "execute_result"
    }
   ],
   "source": [
    "output_var_all_channels([10., 1.], signal_stds, input_noise_stds, output_noise_stds)"
   ]
  },
  {
   "cell_type": "markdown",
   "metadata": {},
   "source": [
    "### Waterfilling solution where signal + noise is constant"
   ]
  },
  {
   "cell_type": "code",
   "execution_count": 125,
   "metadata": {
    "collapsed": true
   },
   "outputs": [],
   "source": [
    "def waterfilling_solution(signal_stds, input_noise_stds, output_noise_stds, power, constraint_strength=1.5):\n",
    "    \n",
    "    # return signal + noise for each channel\n",
    "    def signal_and_noise(filter_amplitudes, signal_stds=signal_stds, input_noise_stds=input_noise_stds,\n",
    "                        output_noise_stds=output_noise_stds):\n",
    "        signals = np.array([(filter_amplitudes[i]*signal_stds[i])**2 for i in range(len(filter_amplitudes))])\n",
    "        noise = np.array([(filter_amplitudes[i]*input_noise_stds[i])**2 + output_noise_stds[i] for i in range(len(filter_amplitudes))])\n",
    "        return signals + noise\n",
    "    \n",
    "    def objective_fun(filter_amplitudes, signal_stds=signal_stds, input_noise_stds=input_noise_stds,\n",
    "                        output_noise_stds=output_noise_stds, power=power, constraint_strength=constraint_strength):\n",
    "        \n",
    "        signals_and_noises = signal_and_noise(filter_amplitudes=filter_amplitudes, signal_stds=signal_stds, input_noise_stds=input_noise_stds,\n",
    "                        output_noise_stds=output_noise_stds)\n",
    "        differences = np.diff(signals_and_noises)\n",
    "        \n",
    "        \n",
    "        return np.sum(differences**2) + constraint_strength*((power - np.sum(signals_and_noises))**2)\n",
    "    \n",
    "    x_opt = minimize(objective_fun, abs(np.random.randn(len(signal_stds))))\n",
    "    x_opt['x'] = abs(x_opt['x'])\n",
    "    \n",
    "    return x_opt"
   ]
  },
  {
   "cell_type": "code",
   "execution_count": 126,
   "metadata": {
    "collapsed": true
   },
   "outputs": [],
   "source": [
    "x_opt = waterfilling_solution(signal_stds, input_noise_stds, output_noise_stds, target_var)"
   ]
  },
  {
   "cell_type": "code",
   "execution_count": 127,
   "metadata": {
    "collapsed": false
   },
   "outputs": [
    {
     "data": {
      "text/plain": [
       "      fun: 5.871269191803808e-14\n",
       " hess_inv: array([[  3.46322789e-02,   7.01114415e-02,   9.72773178e-02,\n",
       "          5.34613164e-02,  -1.61964278e-02,  -8.12599382e-02,\n",
       "         -1.30164708e-01,  -1.66836985e-01,  -1.91378264e-01,\n",
       "         -2.04153202e-01],\n",
       "       [  7.01114415e-02,   2.16377318e-01,   3.08230395e-01,\n",
       "          1.93386013e-01,  -3.70920349e-03,  -1.97856889e-01,\n",
       "         -3.39101480e-01,  -4.51063900e-01,  -5.29978379e-01,\n",
       "         -5.79114109e-01],\n",
       "       [  9.72773178e-02,   3.08230395e-01,   8.30716977e-01,\n",
       "          6.09661245e-01,   1.48701601e-01,  -2.93909290e-01,\n",
       "         -6.26453745e-01,  -8.82373506e-01,  -1.06709236e+00,\n",
       "         -1.17044017e+00],\n",
       "       [  5.34613164e-02,   1.93386013e-01,   6.09661245e-01,\n",
       "          1.18953279e+00,   5.24403446e-01,  -8.82191430e-02,\n",
       "         -5.07569062e-01,  -8.66674008e-01,  -1.12954026e+00,\n",
       "         -1.26219000e+00],\n",
       "       [ -1.61964278e-02,  -3.70920349e-03,   1.48701601e-01,\n",
       "          5.24403446e-01,   1.09110236e+00,   4.39178638e-01,\n",
       "         -9.96156439e-02,  -4.77337508e-01,  -7.09158848e-01,\n",
       "         -8.00425598e-01],\n",
       "       [ -8.12599382e-02,  -1.97856889e-01,  -2.93909290e-01,\n",
       "         -8.82191430e-02,   4.39178638e-01,   1.10551053e+00,\n",
       "          5.73867326e-01,   2.14802721e-01,  -3.59697732e-02,\n",
       "         -1.71296901e-01],\n",
       "       [ -1.30164708e-01,  -3.39101480e-01,  -6.26453745e-01,\n",
       "         -5.07569062e-01,  -9.96156439e-02,   5.73867326e-01,\n",
       "          1.35974787e+00,   9.79115412e-01,   6.91711343e-01,\n",
       "          5.65905084e-01],\n",
       "       [ -1.66836985e-01,  -4.51063900e-01,  -8.82373506e-01,\n",
       "         -8.66674008e-01,  -4.77337508e-01,   2.14802721e-01,\n",
       "          9.79115412e-01,   1.91391525e+00,   1.57220782e+00,\n",
       "          1.40236954e+00],\n",
       "       [ -1.91378264e-01,  -5.29978379e-01,  -1.06709236e+00,\n",
       "         -1.12954026e+00,  -7.09158848e-01,  -3.59697732e-02,\n",
       "          6.91711343e-01,   1.57220782e+00,   2.64955040e+00,\n",
       "          2.54347815e+00],\n",
       "       [ -2.04153202e-01,  -5.79114109e-01,  -1.17044017e+00,\n",
       "         -1.26219000e+00,  -8.00425598e-01,  -1.71296901e-01,\n",
       "          5.65905084e-01,   1.40236954e+00,   2.54347815e+00,\n",
       "          3.74467879e+00]])\n",
       "      jac: array([  2.43825891e-06,  -3.07686859e-08,  -7.05641096e-08,\n",
       "         1.57230105e-07,   1.47100798e-07,   1.19300858e-07,\n",
       "         9.22248399e-08,   4.52901107e-08,   1.25733594e-07,\n",
       "         5.94950170e-08])\n",
       "  message: 'Optimization terminated successfully.'\n",
       "     nfev: 576\n",
       "      nit: 42\n",
       "     njev: 48\n",
       "   status: 0\n",
       "  success: True\n",
       "        x: array([  3.08300993,   9.00571942,  21.01210692,  29.18252833,\n",
       "        30.77239809,  30.96073967,  30.98135825,  30.98359513,\n",
       "        30.98383762,  30.98386388])"
      ]
     },
     "execution_count": 127,
     "metadata": {},
     "output_type": "execute_result"
    }
   ],
   "source": [
    "x_opt"
   ]
  },
  {
   "cell_type": "code",
   "execution_count": 128,
   "metadata": {
    "collapsed": false
   },
   "outputs": [
    {
     "data": {
      "text/plain": [
       "9.7599997337084829"
      ]
     },
     "execution_count": 128,
     "metadata": {},
     "output_type": "execute_result"
    }
   ],
   "source": [
    "output_var_single_channel(x_opt['x'][0], signal_stds[0], input_noise_stds[0], output_noise_std[0])"
   ]
  },
  {
   "cell_type": "code",
   "execution_count": 129,
   "metadata": {
    "collapsed": false
   },
   "outputs": [
    {
     "data": {
      "text/plain": [
       "9.7599996978335604"
      ]
     },
     "execution_count": 129,
     "metadata": {},
     "output_type": "execute_result"
    }
   ],
   "source": [
    "output_var_single_channel(x_opt['x'][1], signal_stds[1], input_noise_stds[1], output_noise_std[1])"
   ]
  },
  {
   "cell_type": "code",
   "execution_count": 130,
   "metadata": {
    "collapsed": false
   },
   "outputs": [
    {
     "data": {
      "text/plain": [
       "97.600000029256847"
      ]
     },
     "execution_count": 130,
     "metadata": {},
     "output_type": "execute_result"
    }
   ],
   "source": [
    "output_var_all_channels(x_opt['x'], signal_stds, input_noise_stds, output_noise_stds)"
   ]
  },
  {
   "cell_type": "code",
   "execution_count": 142,
   "metadata": {
    "collapsed": false
   },
   "outputs": [
    {
     "name": "stdout",
     "output_type": "stream",
     "text": [
      "[2.6290159588756703, 1.6646467959234057, 0.54654106675651037, 0.084908948345527646, 0.0097172620753429931, 0.0010596002803932439, 0.00011490452280753557, 1.2452889786246443e-05, 1.3495057818957429e-06, 1.4624339991666214e-07]\n",
      "4.936018 bits\n"
     ]
    }
   ],
   "source": [
    "info_per_channel = [info_single_channel(x_opt['x'][i], signal_stds[i], input_noise_stds[i], output_noise_stds[i]) for i in range(len(x_opt['x']))]\n",
    "print(info_per_channel)\n",
    "print('%f bits' %sum(info_per_channel))"
   ]
  },
  {
   "cell_type": "markdown",
   "metadata": {},
   "source": [
    "## Now just maximize information, don't use waterfilling"
   ]
  },
  {
   "cell_type": "code",
   "execution_count": 149,
   "metadata": {
    "collapsed": true
   },
   "outputs": [],
   "source": [
    "def maximize_info_solution(signal_stds, input_noise_stds, output_noise_stds, power, constraint_strength=1.5):\n",
    "    \n",
    "    # return signal + noise for each channel\n",
    "    def signal_and_noise(filter_amplitudes, signal_stds=signal_stds, input_noise_stds=input_noise_stds,\n",
    "                        output_noise_stds=output_noise_stds):\n",
    "        signals = np.array([(filter_amplitudes[i]*signal_stds[i])**2 for i in range(len(filter_amplitudes))])\n",
    "        noise = np.array([(filter_amplitudes[i]*input_noise_stds[i])**2 + output_noise_stds[i] for i in range(len(filter_amplitudes))])\n",
    "        return signals + noise\n",
    "    \n",
    "    def objective_fun(filter_amplitudes, signal_stds=signal_stds, input_noise_stds=input_noise_stds,\n",
    "                        output_noise_stds=output_noise_stds, power=power, constraint_strength=constraint_strength):\n",
    "        \n",
    "        signals_and_noises = signal_and_noise(filter_amplitudes=filter_amplitudes, signal_stds=signal_stds, input_noise_stds=input_noise_stds,\n",
    "                        output_noise_stds=output_noise_stds)\n",
    "        \n",
    "        total_info = info_all_channels(filter_amplitudes, signal_stds, input_noise_stds, output_noise_stds)\n",
    "        \n",
    "        return -total_info + constraint_strength*((power - np.sum(signals_and_noises))**2)\n",
    "    \n",
    "    x_opt = minimize(objective_fun, abs(np.random.randn(len(signal_stds))))\n",
    "    x_opt['x'] = abs(x_opt['x'])\n",
    "    \n",
    "    return x_opt"
   ]
  },
  {
   "cell_type": "code",
   "execution_count": 150,
   "metadata": {
    "collapsed": false
   },
   "outputs": [
    {
     "data": {
      "text/plain": [
       "      fun: -5.527154121487199\n",
       " hess_inv: array([[  1.54652330e+01,   5.52024079e+01,  -6.67108886e+01,\n",
       "         -3.75230302e+01,   8.24915323e+00,  -4.74279916e+01,\n",
       "          6.43641998e+00,  -1.49266687e+00,  -4.83791745e+00,\n",
       "         -1.36115839e+01],\n",
       "       [  5.52024079e+01,   3.35327220e+02,   9.41631765e+01,\n",
       "          2.19403326e+02,   3.13660528e+02,   1.11625528e+02,\n",
       "         -2.52037666e+00,  -3.90802483e+01,  -9.38014033e+01,\n",
       "         -2.55197119e+02],\n",
       "       [ -6.67108886e+01,   9.41631765e+01,   1.95600819e+03,\n",
       "         -4.57198956e+02,  -4.59402472e+02,   3.75054241e+02,\n",
       "         -5.73723859e+01,   1.15332684e+01,   3.88888369e+01,\n",
       "          1.09710495e+02],\n",
       "       [ -3.75230302e+01,   2.19403326e+02,  -4.57198956e+02,\n",
       "          4.96313809e+03,   3.18171918e+02,   1.24490085e+01,\n",
       "          3.40780499e+01,  -3.31991995e+01,  -8.67392311e+01,\n",
       "         -2.38800576e+02],\n",
       "       [  8.24915323e+00,   3.13660528e+02,  -4.59402472e+02,\n",
       "          3.18171918e+02,   6.74659294e+03,   4.74240167e+02,\n",
       "         -3.22225564e+01,  -2.99703001e+02,  -7.17149398e+02,\n",
       "         -1.94923095e+03],\n",
       "       [ -4.74279916e+01,   1.11625528e+02,   3.75054241e+02,\n",
       "          1.24490085e+01,   4.74240167e+02,   1.08449432e+04,\n",
       "         -1.04198842e+03,  -7.62262602e+02,  -1.63819459e+03,\n",
       "         -4.38832588e+03],\n",
       "       [  6.43641998e+00,  -2.52037666e+00,  -5.73723859e+01,\n",
       "          3.40780499e+01,  -3.22225564e+01,  -1.04198842e+03,\n",
       "          1.01733702e+02,   7.19448282e+01,   1.54157672e+02,\n",
       "          4.12766207e+02],\n",
       "       [ -1.49266687e+00,  -3.90802483e+01,   1.15332684e+01,\n",
       "         -3.31991995e+01,  -2.99703001e+02,  -7.62262602e+02,\n",
       "          7.19448282e+01,   6.66160997e+01,   1.44448938e+02,\n",
       "          3.88277492e+02],\n",
       "       [ -4.83791744e+00,  -9.38014033e+01,   3.88888369e+01,\n",
       "         -8.67392311e+01,  -7.17149398e+02,  -1.63819459e+03,\n",
       "          1.54157672e+02,   1.44448938e+02,   3.19809881e+02,\n",
       "          8.57269047e+02],\n",
       "       [ -1.36115839e+01,  -2.55197119e+02,   1.09710495e+02,\n",
       "         -2.38800576e+02,  -1.94923095e+03,  -4.38832588e+03,\n",
       "          4.12766207e+02,   3.88277492e+02,   8.57269047e+02,\n",
       "          2.30628571e+03]])\n",
       "      jac: array([ -6.85453415e-06,  -1.01327896e-06,   2.38418579e-07,\n",
       "        -5.96046448e-08,  -1.49011612e-06,  -2.26497650e-06,\n",
       "         1.01327896e-06,  -7.74860382e-07,  -1.84774399e-06,\n",
       "        -5.30481339e-06])\n",
       "  message: 'Optimization terminated successfully.'\n",
       "     nfev: 2256\n",
       "      nit: 161\n",
       "     njev: 188\n",
       "   status: 0\n",
       "  success: True\n",
       "        x: array([  7.90567639e+00,   1.37298063e+01,   1.84785852e+01,\n",
       "         1.44601716e+01,   8.12496062e+00,   3.34049489e+00,\n",
       "         3.23800555e-02,   1.67198136e-02,   4.19463720e-02,\n",
       "         1.15043087e-01])"
      ]
     },
     "execution_count": 150,
     "metadata": {},
     "output_type": "execute_result"
    }
   ],
   "source": [
    "x_opt_max = maximize_info_solution(signal_stds, input_noise_stds, output_noise_stds, target_var)\n",
    "x_opt_max"
   ]
  },
  {
   "cell_type": "code",
   "execution_count": 151,
   "metadata": {
    "collapsed": false
   },
   "outputs": [
    {
     "data": {
      "text/plain": [
       "63.284716350472706"
      ]
     },
     "execution_count": 151,
     "metadata": {},
     "output_type": "execute_result"
    }
   ],
   "source": [
    "output_var_single_channel(x_opt_max['x'][0], signal_stds[0], input_noise_stds[0], output_noise_std[0])"
   ]
  },
  {
   "cell_type": "code",
   "execution_count": 152,
   "metadata": {
    "collapsed": false
   },
   "outputs": [
    {
     "data": {
      "text/plain": [
       "22.473269653018008"
      ]
     },
     "execution_count": 152,
     "metadata": {},
     "output_type": "execute_result"
    }
   ],
   "source": [
    "output_var_single_channel(x_opt_max['x'][1], signal_stds[1], input_noise_stds[1], output_noise_std[1])"
   ]
  },
  {
   "cell_type": "code",
   "execution_count": 153,
   "metadata": {
    "collapsed": false
   },
   "outputs": [
    {
     "data": {
      "text/plain": [
       "97.600766490172418"
      ]
     },
     "execution_count": 153,
     "metadata": {},
     "output_type": "execute_result"
    }
   ],
   "source": [
    "output_var_all_channels(x_opt_max['x'], signal_stds, input_noise_stds, output_noise_stds)"
   ]
  },
  {
   "cell_type": "code",
   "execution_count": 154,
   "metadata": {
    "collapsed": false
   },
   "outputs": [
    {
     "name": "stdout",
     "output_type": "stream",
     "text": [
      "[3.1665129095604838, 1.728991906796103, 0.54264358598699469, 0.080600363868038413, 0.0079634092897795591, 0.00044281909640051209, 7.6552289162316311e-09, 2.2120140519426006e-10, 1.5086024569898224e-10, 1.2288440170382445e-10]\n",
      "4.936018 bits\n"
     ]
    }
   ],
   "source": [
    "info_per_channel_max = [info_single_channel(x_opt_max['x'][i], signal_stds[i], input_noise_stds[i], output_noise_stds[i]) for i in range(len(x_opt['x']))]\n",
    "print(info_per_channel_max)\n",
    "print('%f bits' %sum(info_per_channel))"
   ]
  },
  {
   "cell_type": "code",
   "execution_count": null,
   "metadata": {
    "collapsed": true
   },
   "outputs": [],
   "source": []
  },
  {
   "cell_type": "code",
   "execution_count": 155,
   "metadata": {
    "collapsed": false
   },
   "outputs": [
    {
     "data": {
      "text/plain": [
       "<matplotlib.text.Text at 0x10ce2edd8>"
      ]
     },
     "execution_count": 155,
     "metadata": {},
     "output_type": "execute_result"
    },
    {
     "data": {
